 pl3d
z =

 Columns 1 through 8:

   0.00000   0.01571   0.03142   0.04712   0.06283   0.07854   0.09425   0.10996

 Columns 9 through 16:

   0.12566   0.14137   0.15708   0.17279   0.18850   0.20420   0.21991   0.23562

 Columns 17 through 24:

   0.25133   0.26704   0.28274   0.29845   0.31416   0.32987   0.34558   0.36128

 Columns 25 through 32:

   0.37699   0.39270   0.40841   0.42412   0.43982   0.45553   0.47124   0.48695

 Columns 33 through 40:

   0.50265   0.51836   0.53407   0.54978   0.56549   0.58119   0.59690   0.61261

 Columns 41 through 48:

   0.62832   0.64403   0.65973   0.67544   0.69115   0.70686   0.72257   0.73827

 Columns 49 through 56:

   0.75398   0.76969   0.78540   0.80111   0.81681   0.83252   0.84823   0.86394

 Columns 57 through 64:

   0.87965   0.89535   0.91106   0.92677   0.94248   0.95819   0.97389   0.98960

 Columns 65 through 72:

   1.00531   1.02102   1.03673   1.05243   1.06814   1.08385   1.09956   1.11527

 Columns 73 through 80:

   1.13097   1.14668   1.16239   1.17810   1.19381   1.20951   1.22522   1.24093

 Columns 81 through 88:

   1.25664   1.27235   1.28805   1.30376   1.31947   1.33518   1.35088   1.36659

 Columns 89 through 96:

   1.38230   1.39801   1.41372   1.42942   1.44513   1.46084   1.47655   1.49226

 Columns 97 through 104:

   1.50796   1.52367   1.53938   1.55509   1.57080   1.58650   1.60221   1.61792

 Columns 105 through 112:

   1.63363   1.64934   1.66504   1.68075   1.69646   1.71217   1.72788   1.74358

 Columns 113 through 120:

   1.75929   1.77500   1.79071   1.80642   1.82212   1.83783   1.85354   1.86925

 Columns 121 through 128:

   1.88496   1.90066   1.91637   1.93208   1.94779   1.96350   1.97920   1.99491

 Columns 129 through 136:

   2.01062   2.02633   2.04204   2.05774   2.07345   2.08916   2.10487   2.12058

 Columns 137 through 144:

   2.13628   2.15199   2.16770   2.18341   2.19911   2.21482   2.23053   2.24624

 Columns 145 through 152:

   2.26195   2.27765   2.29336   2.30907   2.32478   2.34049   2.35619   2.37190

 Columns 153 through 160:

   2.38761   2.40332   2.41903   2.43473   2.45044   2.46615   2.48186   2.49757

 Columns 161 through 168:

   2.51327   2.52898   2.54469   2.56040   2.57611   2.59181   2.60752   2.62323

 Columns 169 through 176:

   2.63894   2.65465   2.67035   2.68606   2.70177   2.71748   2.73319   2.74889

 Columns 177 through 184:

   2.76460   2.78031   2.79602   2.81173   2.82743   2.84314   2.85885   2.87456

 Columns 185 through 192:

   2.89027   2.90597   2.92168   2.93739   2.95310   2.96881   2.98451   3.00022

 Columns 193 through 200:

   3.01593   3.03164   3.04734   3.06305   3.07876   3.09447   3.11018   3.12588

 Columns 201 through 208:

   3.14159   3.15730   3.17301   3.18872   3.20442   3.22013   3.23584   3.25155

 Columns 209 through 216:

   3.26726   3.28296   3.29867   3.31438   3.33009   3.34580   3.36150   3.37721

 Columns 217 through 224:

   3.39292   3.40863   3.42434   3.44004   3.45575   3.47146   3.48717   3.50288

 Columns 225 through 232:

   3.51858   3.53429   3.55000   3.56571   3.58142   3.59712   3.61283   3.62854

 Columns 233 through 240:
                                                                                         
   3.64425   3.65996   3.67566   3.69137   3.70708   3.72279   3.73850   3.75420

 Columns 241 through 248:

   3.76991   3.78562   3.80133   3.81704   3.83274   3.84845   3.86416   3.87987

 Columns 249 through 256:

   3.89557   3.91128   3.92699   3.94270   3.95841   3.97411   3.98982   4.00553

 Columns 257 through 264:

   4.02124   4.03695   4.05265   4.06836   4.08407   4.09978   4.11549   4.13119

 Columns 265 through 272:

   4.14690   4.16261   4.17832   4.19403   4.20973   4.22544   4.24115   4.25686

 Columns 273 through 280:

   4.27257   4.28827   4.30398   4.31969   4.33540   4.35111   4.36681   4.38252

 Columns 281 through 288:

   4.39823   4.41394   4.42965   4.44535   4.46106   4.47677   4.49248   4.50819

 Columns 289 through 296:

   4.52389   4.53960   4.55531   4.57102   4.58673   4.60243   4.61814   4.63385

 Columns 297 through 304:

   4.64956   4.66527   4.68097   4.69668   4.71239   4.72810   4.74380   4.75951

 Columns 305 through 312:

   4.77522   4.79093   4.80664   4.82234   4.83805   4.85376   4.86947   4.88518

 Columns 313 through 320:

   4.90088   4.91659   4.93230   4.94801   4.96372   4.97942   4.99513   5.01084

 Columns 321 through 328:

   5.02655   5.04226   5.05796   5.07367   5.08938   5.10509   5.12080   5.13650

 Columns 329 through 336:

   5.15221   5.16792   5.18363   5.19934   5.21504   5.23075   5.24646   5.26217

 Columns 337 through 344:

   5.27788   5.29358   5.30929   5.32500   5.34071   5.35642   5.37212   5.38783

 Columns 345 through 352:

   5.40354   5.41925   5.43496   5.45066   5.46637   5.48208   5.49779   5.51350

 Columns 353 through 360:

   5.52920   5.54491   5.56062   5.57633   5.59203   5.60774   5.62345   5.63916

 Columns 361 through 368:

   5.65487   5.67057   5.68628   5.70199   5.71770   5.73341   5.74911   5.76482

 Columns 369 through 376:

   5.78053   5.79624   5.81195   5.82765   5.84336   5.85907   5.87478   5.89049

 Columns 377 through 384:

   5.90619   5.92190   5.93761   5.95332   5.96903   5.98473   6.00044   6.01615

 Columns 385 through 392:

   6.03186   6.04757   6.06327   6.07898   6.09469   6.11040   6.12611   6.14181

 Columns 393 through 400:

   6.15752   6.17323   6.18894   6.20465   6.22035   6.23606   6.25177   6.26748

 Column 401:

   6.28319
   
                                                                                          
x =

 Columns 1 through 6:

  1.0000e+000  9.9988e-001  9.9951e-001  9.9889e-001  9.9803e-001  9.9692e-001

 Columns 7 through 12:

  9.9556e-001  9.9396e-001  9.9211e-001  9.9002e-001  9.8769e-001  9.8511e-001

 Columns 13 through 18:

  9.8229e-001  9.7922e-001  9.7592e-001  9.7237e-001  9.6858e-001  9.6456e-001

 Columns 19 through 24:

  9.6029e-001  9.5579e-001  9.5106e-001  9.4609e-001  9.4088e-001  9.3544e-001

 Columns 25 through 30:

  9.2978e-001  9.2388e-001  9.1775e-001  9.1140e-001  9.0483e-001  8.9803e-001

 Columns 31 through 36:

  8.9101e-001  8.8377e-001  8.7631e-001  8.6863e-001  8.6074e-001  8.5264e-001

 Columns 37 through 42:

  8.4433e-001  8.3581e-001  8.2708e-001  8.1815e-001  8.0902e-001  7.9968e-001

 Columns 43 through 48:

  7.9016e-001  7.8043e-001  7.7051e-001  7.6041e-001  7.5011e-001  7.3963e-001

 Columns 49 through 54:

  7.2897e-001  7.1813e-001  7.0711e-001  6.9591e-001  6.8455e-001  6.7301e-001

 Columns 55 through 60:

  6.6131e-001  6.4945e-001  6.3742e-001  6.2524e-001  6.1291e-001  6.0042e-001

 Columns 61 through 66:

  5.8779e-001  5.7501e-001  5.6208e-001  5.4902e-001  5.3583e-001  5.2250e-001

 Columns 67 through 72:

  5.0904e-001  4.9546e-001  4.8175e-001  4.6793e-001  4.5399e-001  4.3994e-001

 Columns 73 through 78:

  4.2578e-001  4.1151e-001  3.9715e-001  3.8268e-001  3.6812e-001  3.5347e-001

 Columns 79 through 84:

  3.3874e-001  3.2392e-001  3.0902e-001  2.9404e-001  2.7899e-001  2.6387e-001

 Columns 85 through 90:

  2.4869e-001  2.3345e-001  2.1814e-001  2.0279e-001  1.8738e-001  1.7193e-001

 Columns 91 through 96:

  1.5643e-001  1.4090e-001  1.2533e-001  1.0973e-001  9.4108e-002  7.8459e-002

 Columns 97 through 102:

  6.2791e-002  4.7106e-002  3.1411e-002  1.5707e-002  -1.6081e-016  -1.5707e-002

 Columns 103 through 108:

  -3.1411e-002  -4.7106e-002  -6.2791e-002  -7.8459e-002  -9.4108e-002  -1.0973e-001

 Columns 109 through 114:

  -1.2533e-001  -1.4090e-001  -1.5643e-001  -1.7193e-001  -1.8738e-001  -2.0279e-001

 Columns 115 through 120:

  -2.1814e-001  -2.3345e-001  -2.4869e-001  -2.6387e-001  -2.7899e-001  -2.9404e-001

 Columns 121 through 126:

  -3.0902e-001  -3.2392e-001  -3.3874e-001  -3.5347e-001  -3.6812e-001  -3.8268e-001

 Columns 127 through 132:

  -3.9715e-001  -4.1151e-001  -4.2578e-001  -4.3994e-001  -4.5399e-001  -4.6793e-001

 Columns 133 through 138:

  -4.8175e-001  -4.9546e-001  -5.0904e-001  -5.2250e-001  -5.3583e-001  -5.4902e-001

 Columns 139 through 144:

  -5.6208e-001  -5.7501e-001  -5.8779e-001  -6.0042e-001  -6.1291e-001  -6.2524e-001

 Columns 145 through 150:

  -6.3742e-001  -6.4945e-001  -6.6131e-001  -6.7301e-001  -6.8455e-001  -6.9591e-001

 Columns 151 through 156:

  -7.0711e-001  -7.1813e-001  -7.2897e-001  -7.3963e-001  -7.5011e-001  -7.6041e-001

 Columns 157 through 162:

  -7.7051e-001  -7.8043e-001  -7.9016e-001  -7.9968e-001  -8.0902e-001  -8.1815e-001

 Columns 163 through 168:

  -8.2708e-001  -8.3581e-001  -8.4433e-001  -8.5264e-001  -8.6074e-001  -8.6863e-001

 Columns 169 through 174:

  -8.7631e-001  -8.8377e-001  -8.9101e-001  -8.9803e-001  -9.0483e-001  -9.1140e-001

 Columns 175 through 180:

  -9.1775e-001  -9.2388e-001  -9.2978e-001  -9.3544e-001  -9.4088e-001  -9.4609e-001

 Columns 181 through 186:

  -9.5106e-001  -9.5579e-001  -9.6029e-001  -9.6456e-001  -9.6858e-001  -9.7237e-001

 Columns 187 through 192:
                                                                                         
  -9.7592e-001  -9.7922e-001  -9.8229e-001  -9.8511e-001  -9.8769e-001  -9.9002e-001

 Columns 193 through 198:

  -9.9211e-001  -9.9396e-001  -9.9556e-001  -9.9692e-001  -9.9803e-001  -9.9889e-001

 Columns 199 through 204:

  -9.9951e-001  -9.9988e-001  -1.0000e+000  -9.9988e-001  -9.9951e-001  -9.9889e-001

 Columns 205 through 210:

  -9.9803e-001  -9.9692e-001  -9.9556e-001  -9.9396e-001  -9.9211e-001  -9.9002e-001

 Columns 211 through 216:

  -9.8769e-001  -9.8511e-001  -9.8229e-001  -9.7922e-001  -9.7592e-001  -9.7237e-001

 Columns 217 through 222:

  -9.6858e-001  -9.6456e-001  -9.6029e-001  -9.5579e-001  -9.5106e-001  -9.4609e-001

 Columns 223 through 228:

  -9.4088e-001  -9.3544e-001  -9.2978e-001  -9.2388e-001  -9.1775e-001  -9.1140e-001

 Columns 229 through 234:

  -9.0483e-001  -8.9803e-001  -8.9101e-001  -8.8377e-001  -8.7631e-001  -8.6863e-001

 Columns 235 through 240:

  -8.6074e-001  -8.5264e-001  -8.4433e-001  -8.3581e-001  -8.2708e-001  -8.1815e-001

 Columns 241 through 246:

  -8.0902e-001  -7.9968e-001  -7.9016e-001  -7.8043e-001  -7.7051e-001  -7.6041e-001

 Columns 247 through 252:

  -7.5011e-001  -7.3963e-001  -7.2897e-001  -7.1813e-001  -7.0711e-001  -6.9591e-001

 Columns 253 through 258:

  -6.8455e-001  -6.7301e-001  -6.6131e-001  -6.4945e-001  -6.3742e-001  -6.2524e-001

 Columns 259 through 264:

  -6.1291e-001  -6.0042e-001  -5.8779e-001  -5.7501e-001  -5.6208e-001  -5.4902e-001

 Columns 265 through 270:

  -5.3583e-001  -5.2250e-001  -5.0904e-001  -4.9546e-001  -4.8175e-001  -4.6793e-001

 Columns 271 through 276:

  -4.5399e-001  -4.3994e-001  -4.2578e-001  -4.1151e-001  -3.9715e-001  -3.8268e-001

 Columns 277 through 282:

  -3.6812e-001  -3.5347e-001  -3.3874e-001  -3.2392e-001  -3.0902e-001  -2.9404e-001

 Columns 283 through 288:

  -2.7899e-001  -2.6387e-001  -2.4869e-001  -2.3345e-001  -2.1814e-001  -2.0279e-001

 Columns 289 through 294:

  -1.8738e-001  -1.7193e-001  -1.5643e-001  -1.4090e-001  -1.2533e-001  -1.0973e-001

 Columns 295 through 300:

  -9.4108e-002  -7.8459e-002  -6.2791e-002  -4.7106e-002  -3.1411e-002  -1.5707e-002

 Columns 301 through 306:

  -1.8369e-016  1.5707e-002  3.1411e-002  4.7106e-002  6.2791e-002  7.8459e-002

 Columns 307 through 312:

  9.4108e-002  1.0973e-001  1.2533e-001  1.4090e-001  1.5643e-001  1.7193e-001

 Columns 313 through 318:

  1.8738e-001  2.0279e-001  2.1814e-001  2.3345e-001  2.4869e-001  2.6387e-001

 Columns 319 through 324:

  2.7899e-001  2.9404e-001  3.0902e-001  3.2392e-001  3.3874e-001  3.5347e-001

 Columns 325 through 330:

  3.6812e-001  3.8268e-001  3.9715e-001  4.1151e-001  4.2578e-001  4.3994e-001

 Columns 331 through 336:

  4.5399e-001  4.6793e-001  4.8175e-001  4.9546e-001  5.0904e-001  5.2250e-001

 Columns 337 through 342:

  5.3583e-001  5.4902e-001  5.6208e-001  5.7501e-001  5.8779e-001  6.0042e-001

 Columns 343 through 348:

  6.1291e-001  6.2524e-001  6.3742e-001  6.4945e-001  6.6131e-001  6.7301e-001

 Columns 349 through 354:

  6.8455e-001  6.9591e-001  7.0711e-001  7.1813e-001  7.2897e-001  7.3963e-001

 Columns 355 through 360:

  7.5011e-001  7.6041e-001  7.7051e-001  7.8043e-001  7.9016e-001  7.9968e-001

 Columns 361 through 366:

  8.0902e-001  8.1815e-001  8.2708e-001  8.3581e-001  8.4433e-001  8.5264e-001

 Columns 367 through 372:

  8.6074e-001  8.6863e-001  8.7631e-001  8.8377e-001  8.9101e-001  8.9803e-001

 Columns 373 through 378:

  9.0483e-001  9.1140e-001  9.1775e-001  9.2388e-001  9.2978e-001  9.3544e-001

 Columns 379 through 384:

  9.4088e-001  9.4609e-001  9.5106e-001  9.5579e-001  9.6029e-001  9.6456e-001

 Columns 385 through 390:

  9.6858e-001  9.7237e-001  9.7592e-001  9.7922e-001  9.8229e-001  9.8511e-001

 Columns 391 through 396:

  9.8769e-001  9.9002e-001  9.9211e-001  9.9396e-001  9.9556e-001  9.9692e-001

 Columns 397 through 401:

  9.9803e-001  9.9889e-001  9.9951e-001  9.9988e-001  1.0000e+000
  
y =

 Columns 1 through 8:

   0.00000   0.01571   0.03141   0.04711   0.06279   0.07846   0.09411   0.10973

 Columns 9 through 16:

   0.12533   0.14090   0.15643   0.17193   0.18738   0.20279   0.21814   0.23345

 Columns 17 through 24:

   0.24869   0.26387   0.27899   0.29404   0.30902   0.32392   0.33874   0.35347

 Columns 25 through 32:

   0.36812   0.38268   0.39715   0.41151   0.42578   0.43994   0.45399   0.46793

 Columns 33 through 40:

   0.48175   0.49546   0.50904   0.52250   0.53583   0.54902   0.56208   0.57501

 Columns 41 through 48:

   0.58779   0.60042   0.61291   0.62524   0.63742   0.64945   0.66131   0.67301

 Columns 49 through 56:

   0.68455   0.69591   0.70711   0.71813   0.72897   0.73963   0.75011   0.76041

 Columns 57 through 64:

   0.77051   0.78043   0.79016   0.79968   0.80902   0.81815   0.82708   0.83581

 Columns 65 through 72:

   0.84433   0.85264   0.86074   0.86863   0.87631   0.88377   0.89101   0.89803

 Columns 73 through 80:

   0.90483   0.91140   0.91775   0.92388   0.92978   0.93544   0.94088   0.94609

 Columns 81 through 88:

   0.95106   0.95579   0.96029   0.96456   0.96858   0.97237   0.97592   0.97922

 Columns 89 through 96:

   0.98229   0.98511   0.98769   0.99002   0.99211   0.99396   0.99556   0.99692

 Columns 97 through 104:

   0.99803   0.99889   0.99951   0.99988   1.00000   0.99988   0.99951   0.99889

 Columns 105 through 112:

   0.99803   0.99692   0.99556   0.99396   0.99211   0.99002   0.98769   0.98511

 Columns 113 through 120:

   0.98229   0.97922   0.97592   0.97237   0.96858   0.96456   0.96029   0.95579

 Columns 121 through 128:

   0.95106   0.94609   0.94088   0.93544   0.92978   0.92388   0.91775   0.91140

 Columns 129 through 136:

   0.90483   0.89803   0.89101   0.88377   0.87631   0.86863   0.86074   0.85264

 Columns 137 through 144:

   0.84433   0.83581   0.82708   0.81815   0.80902   0.79968   0.79016   0.78043

 Columns 145 through 152:

   0.77051   0.76041   0.75011   0.73963   0.72897   0.71813   0.70711   0.69591

 Columns 153 through 160:

   0.68455   0.67301   0.66131   0.64945   0.63742   0.62524   0.61291   0.60042

 Columns 161 through 168:

   0.58779   0.57501   0.56208   0.54902   0.53583   0.52250   0.50904   0.49546

 Columns 169 through 176:

   0.48175   0.46793   0.45399   0.43994   0.42578   0.41151   0.39715   0.38268

 Columns 177 through 184:

   0.36812   0.35347   0.33874   0.32392   0.30902   0.29404   0.27899   0.26387

 Columns 185 through 192:

   0.24869   0.23345   0.21814   0.20279   0.18738   0.17193   0.15643   0.14090

 Columns 193 through 200:

   0.12533   0.10973   0.09411   0.07846   0.06279   0.04711   0.03141   0.01571

 Columns 201 through 208:

  -0.00000  -0.01571  -0.03141  -0.04711  -0.06279  -0.07846  -0.09411  -0.10973

 Columns 209 through 216:

  -0.12533  -0.14090  -0.15643  -0.17193  -0.18738  -0.20279  -0.21814  -0.23345

 Columns 217 through 224:
                                                                                          
  -0.24869  -0.26387  -0.27899  -0.29404  -0.30902  -0.32392  -0.33874  -0.35347

 Columns 225 through 232:

  -0.36812  -0.38268  -0.39715  -0.41151  -0.42578  -0.43994  -0.45399  -0.46793

 Columns 233 through 240:

  -0.48175  -0.49546  -0.50904  -0.52250  -0.53583  -0.54902  -0.56208  -0.57501

 Columns 241 through 248:

  -0.58779  -0.60042  -0.61291  -0.62524  -0.63742  -0.64945  -0.66131  -0.67301

 Columns 249 through 256:

  -0.68455  -0.69591  -0.70711  -0.71813  -0.72897  -0.73963  -0.75011  -0.76041

 Columns 257 through 264:

  -0.77051  -0.78043  -0.79016  -0.79968  -0.80902  -0.81815  -0.82708  -0.83581

 Columns 265 through 272:

  -0.84433  -0.85264  -0.86074  -0.86863  -0.87631  -0.88377  -0.89101  -0.89803

 Columns 273 through 280:

  -0.90483  -0.91140  -0.91775  -0.92388  -0.92978  -0.93544  -0.94088  -0.94609

 Columns 281 through 288:

  -0.95106  -0.95579  -0.96029  -0.96456  -0.96858  -0.97237  -0.97592  -0.97922

 Columns 289 through 296:

  -0.98229  -0.98511  -0.98769  -0.99002  -0.99211  -0.99396  -0.99556  -0.99692

 Columns 297 through 304:

  -0.99803  -0.99889  -0.99951  -0.99988  -1.00000  -0.99988  -0.99951  -0.99889

 Columns 305 through 312:

  -0.99803  -0.99692  -0.99556  -0.99396  -0.99211  -0.99002  -0.98769  -0.98511

 Columns 313 through 320:

  -0.98229  -0.97922  -0.97592  -0.97237  -0.96858  -0.96456  -0.96029  -0.95579

 Columns 321 through 328:

  -0.95106  -0.94609  -0.94088  -0.93544  -0.92978  -0.92388  -0.91775  -0.91140

 Columns 329 through 336:

  -0.90483  -0.89803  -0.89101  -0.88377  -0.87631  -0.86863  -0.86074  -0.85264

 Columns 337 through 344:

  -0.84433  -0.83581  -0.82708  -0.81815  -0.80902  -0.79968  -0.79016  -0.78043

 Columns 345 through 352:

  -0.77051  -0.76041  -0.75011  -0.73963  -0.72897  -0.71813  -0.70711  -0.69591

 Columns 353 through 360:

  -0.68455  -0.67301  -0.66131  -0.64945  -0.63742  -0.62524  -0.61291  -0.60042

 Columns 361 through 368:

  -0.58779  -0.57501  -0.56208  -0.54902  -0.53583  -0.52250  -0.50904  -0.49546

 Columns 369 through 376:

  -0.48175  -0.46793  -0.45399  -0.43994  -0.42578  -0.41151  -0.39715  -0.38268

 Columns 377 through 384:

  -0.36812  -0.35347  -0.33874  -0.32392  -0.30902  -0.29404  -0.27899  -0.26387

 Columns 385 through 392:

  -0.24869  -0.23345  -0.21814  -0.20279  -0.18738  -0.17193  -0.15643  -0.14090

 Columns 393 through 400:

  -0.12533  -0.10973  -0.09411  -0.07846  -0.06279  -0.04711  -0.03141  -0.01571

 Column 401:

  -0.00000